297	8	115	229	97	14	1
287	9	121	226	92	6	1
291	10	117	228	94	1	1
264	64	133	194	63	34	1
255	52	92	232	82	39	1
274	50	101	225	89	44	1
296	14	121	226	93	8	1
296	8	112	224	96	26	1
288	31	101	227	99	21	1
256	71	102	227	74	42	1
279	22	98	231	126	50	1
275	15	90	227	95	19	1
276	22	99	230	245	56	1
278	53	107	231	84	0	1
307	6	110	228	100	30	1
264	49	104	229	83	38	1
292	9	115	227	95	2	1
290	9	114	229	95	5	1
286	35	96	226	91	43	1
309	7	110	226	101	31	1
282	22	97	230	352	53	1
273	41	111	217	82	36	1
280	25	116	205	85	15	1
304	9	114	227	98	24	1
282	8	104	226	95	11	1
300	5	100	228	101	13	1
292	7	119	230	95	27	1
234	70	127	214	61	33	1
306	6	109	227	100	29	1
285	12	119	221	91	3	1
304	11	111	227	98	25	1
281	18	97	232	129	49	1
239	76	97	231	199	52	1
297	51	108	224	93	41	1
265	64	90	236	83	40	1
284	13	150	184	214	55	1
288	12	106	222	106	48	1
280	21	106	224	156	51	1
300	8	128	223	93	9	1
284	14	96	232	114	47	1
303	13	114	226	96	32	1
283	10	120	222	91	7	1
294	6	123	222	93	10	1
285	40	88	236	94	37	1
283	18	122	230	147	46	1
289	5	119	230	95	17	1
309	11	104	228	101	22	1
270	35	104	232	87	18	1
294	12	99	228	98	28	1
292	34	100	219	96	16	1
271	52	121	204	73	35	1
272	27	159	159	59	20	1
285	2	109	230	97	12	1
286	14	141	197	223	54	1
290	14	115	224	93	4	1
297	5	102	228	100	23	1
285	15	107	228	263	45	1
285	47	112	233	181	310	2
294	45	129	225	98	318	2
304	9	124	225	95	172	2
308	33	123	230	91	69	2
294	39	119	229	132	276	2
290	10	124	229	93	110	2
259	77	120	230	162	308	2
299	33	119	228	217	279	2
308	17	127	224	93	129	2
294	36	115	232	96	325	2
294	7	127	228	94	122	2
275	84	144	207	61	266	2
258	59	152	201	61	204	2
296	44	135	222	82	67	2
298	36	138	217	91	296	2
256	80	137	206	59	259	2
275	60	121	205	72	211	2
268	67	116	231	181	293	2
298	31	107	230	219	305	2
302	28	119	230	189	307	2
287	13	139	212	84	113	2
248	64	129	214	67	193	2
264	88	137	210	60	264	2
309	27	125	228	92	57	2
300	46	129	230	158	302	2
269	59	150	204	66	217	2
270	59	137	209	68	218	2
309	15	115	228	98	128	2
302	14	127	229	94	131	2
285	64	139	205	69	62	2
298	33	108	230	180	295	2
303	8	128	229	96	165	2
287	14	153	194	76	112	2
294	38	121	231	176	300	2
268	62	129	216	72	219	2
308	23	127	227	92	96	2
282	38	116	221	87	88	2
278	55	124	222	77	233	2
310	13	104	234	102	138	2
289	32	119	230	91	84	2
297	34	116	230	86	323	2
293	39	124	226	94	326	2
297	31	132	220	85	141	2
303	50	132	209	79	59	2
298	30	114	229	140	287	2
310	16	113	221	96	186	2
276	68	133	216	70	206	2
306	15	127	224	93	176	2
311	23	131	228	92	93	2
296	33	118	228	94	322	2
288	61	129	226	78	63	2
285	51	134	217	76	239	2
291	35	104	231	93	150	2
303	12	117	228	96	133	2
258	78	135	213	62	269	2
308	10	130	228	95	73	2
310	18	122	228	95	104	2
303	33	114	233	98	316	2
257	66	120	225	73	201	2
290	32	116	203	83	246	2
295	43	129	224	103	317	2
260	82	129	223	65	254	2
293	59	130	200	73	209	2
305	11	127	220	93	174	2
277	47	116	228	82	244	2
295	11	122	225	93	108	2
299	27	130	200	147	280	2
310	24	128	223	91	72	2
274	55	100	233	84	252	2
266	64	117	224	74	242	2
306	15	136	224	91	102	2
308	15	131	225	93	97	2
300	12	130	222	92	120	2
309	13	109	233	101	152	2
283	54	120	228	83	198	2
265	63	120	233	80	229	2
284	15	123	227	90	109	2
306	36	118	234	92	79	2
273	46	136	207	73	146	2
305	17	114	228	96	166	2
290	41	133	226	220	311	2
287	47	116	228	84	225	2
279	43	113	232	85	139	2
298	11	122	227	94	132	2
286	68	119	218	81	58	2
282	40	101	229	92	151	2
277	63	116	232	79	236	2
296	33	127	230	89	82	2
276	55	131	228	77	243	2
286	30	129	211	81	144	2
292	14	115	228	94	127	2
297	6	122	230	96	123	2
290	40	105	226	89	253	2
299	39	126	226	179	301	2
281	49	152	173	61	220	2
273	80	154	205	59	262	2
292	54	147	208	73	60	2
296	32	112	218	75	321	2
286	56	117	226	81	238	2
272	73	151	208	62	255	2
266	65	155	190	57	215	2
301	42	130	223	126	275	2
307	22	134	217	88	107	2
296	36	115	227	140	281	2
274	53	118	223	78	232	2
293	43	95	230	93	194	2
307	15	128	220	92	179	2
299	39	113	230	90	221	2
308	23	112	228	96	156	2
308	12	122	226	96	183	2
251	86	138	206	56	258	2
310	16	115	227	97	163	2
272	85	152	206	58	265	2
302	15	140	222	89	105	2
250	75	134	209	60	199	2
292	39	119	225	157	312	2
310	30	134	226	89	68	2
290	42	115	230	87	245	2
299	41	130	221	129	289	2
270	67	109	213	74	195	2
248	79	137	205	57	256	2
304	13	121	227	95	175	2
302	17	134	225	91	71	2
306	22	129	226	94	91	2
296	22	109	229	94	142	2
277	43	115	226	83	140	2
301	15	120	220	93	119	2
307	31	124	225	90	74	2
254	80	133	209	60	268	2
305	25	116	230	94	143	2
309	21	130	228	92	98	2
292	15	129	226	90	115	2
261	70	117	230	73	241	2
267	63	131	226	72	270	2
288	47	125	215	79	80	2
281	72	133	202	67	213	2
297	62	109	222	84	251	2
309	20	134	227	92	101	2
309	8	128	227	96	173	2
303	33	100	223	94	92	2
294	45	128	217	82	66	2
309	15	98	233	108	154	2
304	13	134	225	92	169	2
257	69	125	212	66	188	2
297	39	129	222	118	290	2
268	67	116	231	252	314	2
285	50	116	231	195	278	2
270	58	129	212	71	210	2
307	9	121	220	95	184	2
290	62	143	202	69	190	2
253	67	124	220	68	200	2
247	87	133	214	58	257	2
285	39	135	222	82	81	2
292	10	131	225	91	114	2
297	22	141	230	88	158	2
269	66	136	223	72	226	2
307	4	140	200	90	137	2
310	24	132	225	91	94	2
292	7	117	229	96	117	2
307	16	118	226	102	161	2
252	80	111	230	70	228	2
304	28	93	232	99	205	2
303	11	120	228	96	125	2
287	41	137	217	79	76	2
302	32	117	232	140	291	2
287	17	132	229	90	148	2
243	96	138	207	54	260	2
305	32	116	227	92	100	2
301	33	146	183	73	272	2
299	18	135	223	89	147	2
291	47	140	207	74	203	2
285	37	117	223	89	196	2
299	33	122	229	164	286	2
272	75	125	207	67	267	2
308	31	106	231	98	145	2
299	31	115	232	102	136	2
291	40	114	231	103	320	2
296	38	108	223	192	306	2
297	30	122	226	154	284	2
309	22	131	231	93	95	2
304	17	127	223	92	116	2
298	70	139	203	71	263	2
292	37	116	232	92	324	2
295	28	115	230	92	90	2
300	14	125	221	92	134	2
299	34	114	229	86	274	2
289	71	107	229	83	249	2
293	42	112	233	89	237	2
275	55	119	229	196	309	2
282	40	109	227	86	240	2
286	33	117	227	87	157	2
296	25	103	230	95	149	2
306	7	122	227	97	170	2
299	39	114	230	102	273	2
309	7	120	228	98	159	2
253	77	126	217	64	207	2
286	53	109	234	86	248	2
303	40	138	221	83	70	2
297	33	121	226	132	315	2
267	64	134	216	70	223	2
308	16	119	229	97	168	2
262	76	125	222	68	192	2
304	12	121	226	95	164	2
307	12	119	226	96	177	2
292	43	126	223	158	282	2
259	69	141	197	59	208	2
281	42	126	228	82	247	2
297	33	121	227	141	285	2
262	50	101	235	86	189	2
302	10	106	226	99	118	2
299	8	132	224	92	187	2
291	34	150	178	67	319	2
279	47	115	225	82	135	2
272	55	101	235	84	227	2
259	63	151	192	60	197	2
295	33	126	227	88	86	2
297	6	125	221	93	124	2
274	51	118	225	79	231	2
295	36	122	226	203	299	2
284	44	113	228	87	87	2
286	43	118	230	212	294	2
304	12	124	228	95	182	2
304	7	125	227	96	185	2
263	69	138	189	122	297	2
306	11	111	229	99	160	2
286	52	131	220	205	303	2
292	48	109	235	89	83	2
305	12	115	230	98	167	2
296	9	130	228	93	111	2
298	34	119	230	106	327	2
291	39	111	218	181	304	2
283	50	121	225	81	202	2
309	29	128	229	91	75	2
272	65	143	207	65	212	2
302	32	119	229	94	89	2
296	8	115	225	96	126	2
272	57	98	230	87	250	2
266	65	123	221	72	214	2
301	10	118	229	97	121	2
266	65	129	218	71	222	2
294	52	114	233	86	235	2
306	51	111	232	90	64	2
295	41	161	191	129	313	2
305	24	127	229	92	99	2
301	33	123	229	119	292	2
299	10	132	222	92	181	2
307	10	127	222	94	171	2
274	59	112	234	199	298	2
272	59	149	211	68	216	2
300	31	118	230	130	277	2
305	24	121	231	99	85	2
305	18	86	228	103	153	2
252	83	139	211	58	261	2
308	45	88	228	97	77	2
258	72	112	232	191	271	2
308	13	130	214	91	180	2
300	31	117	232	170	283	2
309	10	125	226	96	178	2
289	7	120	224	93	130	2
267	65	123	231	75	224	2
297	31	113	230	138	288	2
284	41	106	222	86	155	2
292	67	112	227	82	61	2
304	30	140	213	83	106	2
278	57	103	233	88	234	2
266	68	132	225	70	65	2
308	25	132	232	92	78	2
276	53	124	218	76	230	2
297	27	126	231	90	162	2
308	33	124	229	91	103	2
262	73	124	220	76	191	2
299	53	151	209	73	362	3
302	65	143	233	80	354	3
290	32	124	232	93	383	3
308	44	116	227	91	335	3
297	38	139	226	85	338	3
307	26	140	228	89	402	3
307	51	163	204	72	363	3
309	54	136	229	83	333	3
306	57	140	230	81	398	3
300	60	137	226	174	461	3
297	81	142	226	72	430	3
296	40	136	228	85	360	3
309	46	125	226	88	375	3
294	60	149	212	71	344	3
304	51	150	212	76	348	3
269	95	134	221	63	432	3
310	29	136	229	90	401	3
309	30	140	233	92	377	3
298	74	147	228	73	418	3
297	57	121	232	84	364	3
289	32	115	234	99	411	3
300	62	132	231	99	442	3
306	50	134	229	92	376	3
301	53	142	220	78	328	3
295	78	146	224	132	443	3
282	72	120	236	78	438	3
273	85	136	216	64	425	3
281	73	142	233	73	415	3
288	57	126	227	80	353	3
301	50	132	213	80	378	3
301	61	136	228	129	455	3
276	68	139	226	71	414	3
299	64	139	225	130	457	3
277	83	139	220	66	433	3
298	63	134	230	156	441	3
307	41	133	227	86	389	3
309	57	147	229	80	399	3
296	65	164	206	66	356	3
259	98	157	207	51	419	3
267	90	153	209	56	421	3
303	55	141	232	82	355	3
295	40	144	217	80	406	3
275	73	123	233	75	437	3
303	42	146	219	80	403	3
302	63	137	224	182	464	3
300	64	131	233	133	454	3
295	77	133	228	155	466	3
307	52	130	230	85	345	3
308	61	140	226	80	395	3
260	100	153	209	52	423	3
296	46	131	228	83	334	3
289	79	135	223	161	444	3
278	69	125	232	76	424	3
315	32	131	228	91	367	3
298	42	114	233	94	372	3
308	47	168	199	75	369	3
298	68	129	225	144	467	3
301	14	145	222	88	405	3
299	57	127	235	86	371	3
308	28	137	226	91	407	3
299	62	130	222	124	456	3
300	65	133	230	147	446	3
297	65	130	228	156	445	3
308	44	125	236	90	358	3
303	59	134	229	143	450	3
309	39	134	229	87	396	3
309	32	130	228	90	397	3
292	73	130	233	151	460	3
305	51	128	231	85	382	3
305	31	142	216	88	370	3
282	84	155	212	61	420	3
297	66	136	229	127	458	3
307	26	134	227	95	410	3
310	49	139	229	84	385	3
299	58	132	230	160	465	3
282	84	132	234	72	436	3
309	41	136	228	86	391	3
289	65	120	232	82	373	3
286	81	135	223	70	339	3
242	111	146	214	48	428	3
311	48	135	230	86	332	3
299	62	134	230	182	440	3
282	66	153	204	67	357	3
307	22	148	221	86	404	3
284	74	129	232	180	463	3
273	68	145	219	81	347	3
307	60	147	221	77	330	3
302	61	127	233	167	462	3
308	48	130	227	85	390	3
262	90	136	222	62	426	3
296	29	156	206	79	350	3
307	67	145	234	79	416	3
301	65	135	226	129	453	3
308	48	135	230	85	331	3
302	60	135	229	168	459	3
293	69	124	236	81	352	3
300	46	141	217	79	351	3
287	69	141	224	72	435	3
303	63	135	226	79	337	3
309	66	144	226	78	394	3
297	49	140	222	79	381	3
296	25	125	233	98	409	3
307	55	141	205	76	346	3
308	44	143	226	83	386	3
310	44	138	227	85	384	3
282	74	140	221	69	413	3
303	53	131	226	85	368	3
303	50	145	221	79	336	3
299	57	128	229	82	342	3
304	73	141	210	73	340	3
275	87	140	206	61	417	3
307	41	135	230	86	387	3
306	47	151	221	79	400	3
303	52	150	209	74	343	3
278	71	126	225	73	434	3
303	58	139	229	80	365	3
300	63	135	228	134	452	3
310	19	135	227	92	412	3
281	48	166	198	67	359	3
292	67	134	225	124	468	3
303	58	130	230	139	451	3
310	41	136	227	86	393	3
305	59	151	218	75	366	3
279	60	132	223	77	429	3
289	70	126	231	84	361	3
283	70	149	209	66	349	3
310	57	135	229	83	388	3
307	57	138	231	82	329	3
298	63	137	226	135	447	3
284	76	132	228	231	439	3
300	63	131	230	138	449	3
290	49	133	233	85	379	3
309	41	137	233	87	380	3
288	77	142	231	73	427	3
258	103	157	206	49	422	3
266	93	147	210	57	431	3
308	46	127	223	91	374	3
304	53	130	232	84	341	3
309	9	130	229	98	408	3
308	36	136	227	87	392	3
299	66	135	228	132	448	3
49	205	175	9	79	530	4
19	233	175	7	93	520	4
45	236	173	12	88	506	4
42	213	183	8	84	521	4
49	226	181	14	85	479	4
44	229	189	16	87	565	4
33	231	187	10	91	514	4
44	230	163	15	84	484	4
48	232	188	13	88	567	4
40	221	196	6	90	518	4
38	230	199	9	92	571	4
43	222	183	15	202	598	4
48	230	171	14	84	510	4
43	237	184	19	90	531	4
46	226	172	22	82	507	4
45	230	150	49	71	503	4
40	225	192	21	126	593	4
57	230	167	15	82	497	4
89	152	176	9	131	577	4
18	232	192	4	97	512	4
41	217	217	6	94	511	4
25	230	191	14	92	515	4
47	233	170	14	85	494	4
49	215	181	16	195	597	4
39	232	180	9	89	541	4
41	233	181	11	89	488	4
58	229	170	14	83	553	4
47	230	163	15	86	504	4
49	231	149	42	73	499	4
55	228	163	17	80	500	4
34	220	188	5	95	534	4
50	202	173	14	222	591	4
57	233	178	16	84	574	4
38	226	178	16	222	596	4
38	226	178	9	235	604	4
41	221	174	19	82	529	4
79	161	180	9	187	588	4
37	230	166	18	84	470	4
59	194	190	5	205	590	4
45	228	170	14	84	548	4
39	222	187	9	166	585	4
49	227	195	12	88	568	4
47	232	185	19	86	572	4
35	225	184	8	148	600	4
40	226	196	9	153	599	4
41	230	188	15	88	543	4
49	204	182	7	84	526	4
40	231	192	14	90	549	4
53	201	174	16	75	517	4
33	229	185	3	92	536	4
56	232	177	8	86	492	4
34	232	174	12	88	538	4
51	233	181	11	87	555	4
55	232	183	9	92	491	4
41	226	196	11	223	579	4
81	164	187	9	133	594	4
44	230	164	16	83	501	4
47	212	178	10	232	592	4
64	180	173	31	63	561	4
32	232	161	17	85	469	4
55	225	176	17	82	483	4
41	227	184	13	87	473	4
42	221	176	16	191	583	4
48	231	196	13	90	485	4
44	230	169	15	84	481	4
41	221	178	22	319	603	4
33	229	164	14	85	477	4
59	227	174	20	81	557	4
33	234	211	5	100	535	4
46	231	188	16	87	569	4
50	232	166	15	83	508	4
25	229	185	7	94	533	4
91	153	179	13	195	584	4
53	226	167	15	81	496	4
40	234	192	5	95	527	4
49	232	167	14	84	480	4
43	217	182	10	239	595	4
47	231	194	9	90	546	4
47	234	166	16	84	502	4
45	233	179	14	88	560	4
40	223	186	8	130	602	4
52	231	171	11	87	495	4
35	226	185	7	223	582	4
35	230	175	19	221	581	4
57	229	161	24	78	558	4
56	216	201	4	87	562	4
56	229	180	15	84	478	4
44	232	177	15	86	476	4
32	233	196	5	96	564	4
47	226	175	7	86	525	4
54	230	182	10	87	556	4
61	183	176	19	68	528	4
43	229	174	10	86	547	4
53	229	179	18	83	575	4
23	232	197	9	102	532	4
27	230	185	12	91	516	4
55	230	198	5	90	563	4
32	229	169	16	87	474	4
41	223	189	7	206	580	4
46	211	181	9	208	578	4
57	228	187	14	85	576	4
49	212	169	6	82	523	4
42	229	184	17	86	544	4
59	228	166	20	79	509	4
52	228	174	15	83	486	4
37	231	197	3	94	513	4
47	217	212	3	95	539	4
40	229	168	17	84	475	4
38	225	174	14	232	605	4
52	231	182	12	87	551	4
42	233	167	13	86	490	4
43	229	192	18	87	566	4
46	228	188	20	85	570	4
45	230	183	13	87	550	4
93	147	182	13	168	587	4
40	224	181	15	138	601	4
54	229	183	13	85	559	4
48	206	187	7	82	519	4
37	224	193	8	90	542	4
44	229	176	11	86	493	4
50	229	174	14	84	482	4
47	226	195	13	88	489	4
53	234	188	9	91	554	4
47	232	174	15	85	471	4
44	234	177	18	86	505	4
38	231	174	19	85	545	4
43	220	168	14	385	586	4
38	230	176	18	86	487	4
55	193	202	12	79	524	4
64	184	182	15	182	589	4
53	230	166	11	84	498	4
42	230	191	16	88	573	4
47	230	182	7	88	552	4
39	218	178	11	85	540	4
52	204	170	7	78	522	4
43	230	180	19	85	472	4
30	235	181	26	87	537	4
72	234	220	11	91	609	5
69	217	212	16	302	724	5
71	231	182	13	83	668	5
41	227	185	11	89	682	5
52	233	185	16	86	676	5
59	224	210	8	518	731	5
56	229	190	12	86	699	5
46	232	224	6	97	620	5
60	227	224	8	141	725	5
63	227	216	9	90	642	5
52	231	217	7	110	638	5
61	223	218	15	362	730	5
58	225	212	7	502	721	5
45	228	188	40	80	680	5
46	231	194	8	92	648	5
65	221	217	13	122	726	5
55	226	178	21	81	662	5
60	222	206	12	167	712	5
46	231	189	4	91	684	5
64	231	235	10	95	608	5
63	230	208	17	87	607	5
61	229	193	14	85	696	5
64	214	221	8	108	714	5
57	226	225	11	92	641	5
60	218	213	8	101	715	5
49	232	213	3	95	616	5
59	229	180	25	80	706	5
55	229	182	22	82	705	5
66	213	219	10	146	711	5
56	235	199	13	89	690	5
67	230	203	15	86	653	5
59	232	243	12	97	627	5
59	223	214	7	93	631	5
41	232	193	5	95	686	5
85	189	222	10	178	729	5
54	230	228	9	95	623	5
95	179	205	8	166	707	5
57	230	185	19	84	658	5
61	221	199	8	86	679	5
67	229	197	13	86	670	5
47	233	226	9	97	646	5
50	229	194	15	87	702	5
56	232	229	4	97	617	5
60	231	190	12	86	701	5
60	229	187	15	84	695	5
74	232	196	9	86	610	5
51	231	201	7	91	647	5
66	230	204	13	87	664	5
50	226	223	8	94	645	5
38	234	230	4	101	629	5
59	226	214	12	210	709	5
60	231	185	12	85	694	5
73	230	207	14	86	656	5
58	230	188	11	86	663	5
77	229	200	18	83	611	5
50	235	248	15	100	625	5
63	216	227	8	165	710	5
39	235	221	17	96	639	5
66	232	185	20	82	700	5
46	233	222	9	96	640	5
60	220	218	9	596	719	5
36	233	190	8	93	683	5
61	235	228	13	94	655	5
54	227	196	33	81	633	5
67	233	213	21	87	649	5
49	214	214	11	89	630	5
50	231	187	17	86	691	5
49	227	197	7	119	717	5
63	232	192	8	89	665	5
51	229	177	18	84	671	5
62	233	202	14	88	704	5
60	225	221	11	162	713	5
59	226	201	12	129	728	5
47	228	198	16	88	692	5
50	231	194	14	88	661	5
57	221	210	14	573	720	5
55	226	224	13	92	637	5
61	231	224	9	93	619	5
40	234	222	8	98	634	5
57	230	193	10	87	693	5
53	230	222	7	367	723	5
83	193	200	33	194	708	5
64	232	184	8	86	669	5
62	229	225	11	92	651	5
57	218	216	8	89	613	5
39	222	194	18	87	685	5
61	234	177	10	85	673	5
63	229	228	16	93	612	5
40	231	224	14	96	622	5
62	229	232	12	94	621	5
66	213	218	14	612	718	5
68	210	218	11	276	722	5
69	232	215	12	89	657	5
64	215	215	7	87	624	5
76	198	214	9	79	626	5
57	223	225	5	93	614	5
51	230	191	9	88	667	5
66	229	195	23	82	652	5
55	226	223	5	94	632	5
56	232	244	7	99	644	5
61	232	186	20	83	675	5
55	229	234	12	95	643	5
77	190	204	13	74	628	5
53	208	186	16	80	677	5
51	232	199	12	90	660	5
75	231	227	5	95	615	5
43	231	189	13	89	689	5
69	228	194	18	85	666	5
63	220	225	17	121	727	5
54	232	230	12	95	636	5
61	224	207	19	127	732	5
45	231	189	10	89	688	5
27	228	226	6	103	635	5
71	227	207	20	84	654	5
57	232	166	23	80	674	5
45	231	211	7	95	618	5
58	232	200	13	88	606	5
46	231	197	7	93	681	5
68	231	190	18	83	659	5
63	231	232	10	94	650	5
60	224	226	10	96	716	5
55	226	203	6	91	687	5
62	233	174	14	83	672	5
50	233	188	15	87	697	5
54	220	213	6	96	678	5
64	227	196	16	84	703	5
47	233	185	11	88	698	5
63	222	223	15	141	733	5
90	213	252	4	125	783	6
72	231	213	56	76	756	6
82	217	250	5	142	779	6
70	232	227	17	90	774	6
80	231	234	17	89	775	6
125	165	241	5	151	782	6
76	229	243	10	93	739	6
68	230	234	14	92	765	6
89	208	236	12	101	778	6
77	224	248	1	137	784	6
74	233	228	14	91	735	6
73	229	231	30	86	760	6
72	230	228	11	91	767	6
75	231	234	11	92	743	6
74	218	207	57	75	751	6
72	230	217	14	88	771	6
68	234	233	7	95	755	6
82	231	204	13	85	737	6
68	231	236	9	94	750	6
71	233	241	9	95	738	6
71	234	215	17	88	766	6
70	229	223	15	89	773	6
73	231	215	52	77	740	6
71	217	240	5	92	752	6
68	230	251	8	97	769	6
50	228	236	5	99	753	6
89	211	241	9	354	781	6
78	220	247	7	99	780	6
81	217	243	3	115	786	6
89	215	248	2	132	776	6
72	230	234	14	91	768	6
64	231	236	17	93	758	6
73	234	237	10	94	742	6
60	230	244	4	102	745	6
74	224	244	8	93	744	6
51	233	211	8	94	734	6
69	229	242	11	94	759	6
75	232	225	16	90	736	6
73	232	238	11	93	770	6
74	229	227	9	91	746	6
65	231	230	15	92	748	6
66	230	239	7	95	761	6
108	176	252	-1	78	754	6
54	232	248	2	102	757	6
51	232	240	13	98	764	6
62	232	258	10	100	749	6
77	226	252	6	98	763	6
76	231	231	14	90	772	6
68	233	235	9	94	762	6
80	222	198	70	65	741	6
82	218	233	10	111	785	6
73	230	255	7	97	747	6
81	225	247	8	162	777	6
284	6	231	12	57	837	7
284	12	209	17	67	874	7
287	8	217	13	60	834	7
289	4	211	12	61	870	7
287	9	222	13	61	821	7
283	15	222	11	59	822	7
294	9	241	6	26	889	7
293	8	219	20	56	792	7
283	8	229	15	57	815	7
286	4	203	12	60	849	7
286	6	203	14	58	844	7
304	11	219	10	24	892	7
292	7	214	15	58	840	7
287	9	202	14	66	878	7
287	10	211	7	57	800	7
295	6	206	14	64	876	7
288	5	231	13	62	809	7
292	10	206	10	68	883	7
283	9	217	8	56	816	7
285	10	204	11	58	861	7
287	10	228	15	58	835	7
287	10	210	14	60	860	7
292	4	213	8	66	830	7
306	12	225	6	22	891	7
294	8	209	22	61	842	7
285	6	207	14	65	846	7
283	15	220	15	52	836	7
286	6	220	11	58	825	7
292	8	232	12	59	802	7
286	6	227	14	59	795	7
282	8	216	14	54	796	7
288	5	216	14	59	803	7
289	9	229	11	60	799	7
290	8	208	15	59	863	7
288	10	218	11	59	824	7
289	7	203	14	61	880	7
287	11	213	13	24	894	7
291	8	203	12	60	862	7
289	6	243	15	57	788	7
281	9	216	10	61	787	7
292	7	213	8	69	875	7
288	7	221	16	57	798	7
286	7	204	11	62	855	7
287	6	207	19	60	885	7
285	15	215	17	19	886	7
292	8	214	23	55	841	7
292	7	203	7	66	877	7
291	5	201	20	58	856	7
281	7	189	37	54	868	7
291	7	225	21	62	832	7
287	12	219	9	63	794	7
286	8	199	15	60	865	7
293	6	221	13	20	888	7
293	6	211	12	63	829	7
283	7	218	14	57	790	7
292	13	218	9	57	813	7
288	6	217	10	59	806	7
283	7	217	24	51	804	7
283	10	202	14	56	869	7
290	3	226	10	62	827	7
292	9	198	12	63	882	7
288	6	228	8	59	839	7
289	5	220	10	57	805	7
293	10	211	21	55	843	7
292	9	205	15	61	881	7
288	10	218	10	28	893	7
291	9	229	10	25	895	7
289	6	215	8	61	808	7
285	10	210	16	57	791	7
287	8	206	9	61	871	7
284	9	237	12	54	823	7
289	8	199	12	62	857	7
289	7	194	16	61	859	7
287	10	211	14	60	817	7
294	7	209	16	64	884	7
288	6	219	10	56	818	7
286	7	223	11	55	838	7
291	4	212	10	62	819	7
287	10	205	12	62	845	7
292	9	226	7	63	811	7
287	8	192	29	56	847	7
293	6	213	16	58	820	7
291	5	216	8	60	807	7
293	5	219	15	61	833	7
291	6	209	9	66	850	7
288	5	207	11	68	852	7
286	6	242	13	60	797	7
284	10	217	14	58	789	7
287	7	223	8	64	826	7
282	6	207	12	59	873	7
287	4	216	13	70	872	7
291	3	215	14	63	831	7
290	9	210	15	64	866	7
287	8	228	18	54	812	7
285	5	197	36	51	853	7
289	7	207	20	58	858	7
292	7	207	11	59	854	7
288	7	221	6	61	793	7
288	7	216	15	58	801	7
288	11	201	18	53	864	7
297	8	215	12	63	814	7
292	8	191	17	63	867	7
306	12	225	6	22	890	7
294	4	205	12	66	848	7
293	12	204	16	16	887	7
289	7	223	14	57	828	7
283	6	201	8	63	851	7
289	9	212	11	60	810	7
293	1	198	18	64	879	7
258	37	218	10	55	913	8
250	54	191	9	52	920	8
280	28	214	11	66	898	8
281	20	212	5	217	950	8
285	19	193	7	167	952	8
295	25	175	32	65	897	8
277	26	178	20	65	928	8
276	17	202	9	64	918	8
289	14	191	12	158	943	8
284	17	197	11	570	946	8
280	18	186	15	130	944	8
251	48	182	26	51	909	8
242	60	189	9	48	923	8
282	8	196	13	61	904	8
283	17	190	6	64	899	8
273	19	184	11	71	924	8
285	1	210	6	80	900	8
267	36	213	12	60	912	8
247	56	201	21	42	916	8
290	8	185	19	61	906	8
287	17	191	4	199	933	8
282	18	193	6	181	953	8
293	5	190	17	64	901	8
284	17	186	0	280	935	8
271	38	191	12	62	911	8
283	19	212	13	185	949	8
279	22	188	9	137	947	8
267	30	186	10	64	925	8
285	9	209	5	69	896	8
286	20	211	5	149	937	8
287	7	189	10	73	903	8
275	26	194	-1	145	936	8
269	30	209	12	60	914	8
286	17	185	3	163	930	8
286	10	195	13	67	902	8
285	15	184	6	130	934	8
284	20	210	6	216	939	8
279	25	196	18	141	941	8
261	48	185	10	61	921	8
281	21	187	2	362	932	8
278	6	182	11	68	929	8
246	55	171	12	55	915	8
285	11	196	9	71	926	8
281	20	200	14	148	954	8
278	48	206	10	303	940	8
227	70	209	9	50	917	8
292	10	204	8	66	905	8
290	10	181	25	64	908	8
281	18	192	6	179	948	8
290	10	192	15	63	907	8
245	61	196	9	57	922	8
272	32	219	4	175	938	8
287	11	184	5	133	931	8
281	22	199	15	168	942	8
273	20	173	21	64	910	8
266	31	182	10	65	927	8
242	66	224	10	55	919	8
282	23	204	12	143	945	8
283	23	210	9	194	951	8
9	106	171	13	70	1014	9
7	98	179	15	70	1024	9
5	89	171	14	67	1003	9
4	104	170	12	70	997	9
7	98	173	14	69	983	9
12	97	195	6	103	1061	9
22	102	208	5	98	1063	9
6	103	202	15	28	1080	9
14	98	194	12	22	1081	9
5	100	178	16	70	1043	9
4	100	180	15	72	1017	9
7	99	167	22	64	972	9
8	100	162	22	63	957	9
17	102	188	5	153	1059	9
9	104	178	10	71	1019	9
5	102	167	18	66	969	9
7	99	165	19	65	958	9
4	100	185	13	72	1044	9
21	100	184	2	255	1075	9
18	96	219	6	102	1071	9
8	98	166	13	67	973	9
11	97	162	19	63	956	9
13	104	217	6	108	1058	9
16	98	191	2	120	1057	9
5	94	180	14	69	1007	9
3	94	177	15	70	1039	9
4	99	164	20	66	987	9
4	98	176	13	71	985	9
8	100	181	17	70	1008	9
9	100	195	16	27	1079	9
17	99	229	3	87	1055	9
5	102	178	13	73	1009	9
12	105	174	18	66	960	9
4	99	175	15	69	1004	9
5	110	174	15	72	1025	9
10	98	194	18	26	1077	9
20	96	186	1	116	1067	9
17	97	186	10	83	1062	9
14	97	183	2	231	1073	9
6	106	170	13	68	965	9
4	98	173	15	69	986	9
8	107	167	15	66	963	9
6	95	169	21	66	955	9
8	102	188	19	71	1038	9
4	97	184	14	71	1031	9
4	89	193	10	75	1053	9
7	103	172	10	69	992	9
5	102	206	16	77	1032	9
16	103	183	7	102	1069	9
2	101	179	15	72	1023	9
6	104	178	15	71	1022	9
14	100	214	2	93	1066	9
10	104	165	18	66	996	9
6	95	164	17	65	999	9
6	99	176	22	69	1020	9
6	97	165	16	66	1000	9
4	108	199	14	78	1034	9
5	105	179	16	70	1021	9
5	89	170	18	66	1001	9
6	94	184	16	70	1028	9
8	102	168	15	68	981	9
8	101	168	16	66	964	9
7	95	169	12	67	976	9
8	99	168	12	67	971	9
6	85	184	14	70	1040	9
4	95	172	16	68	998	9
6	98	169	14	67	974	9
11	100	181	21	22	1078	9
8	107	179	15	71	1035	9
7	99	181	10	71	1015	9
14	104	180	16	68	1013	9
11	101	201	9	77	1049	9
8	95	180	16	70	1042	9
20	102	229	5	80	1065	9
24	104	222	4	101	1068	9
18	97	216	3	91	1074	9
6	106	194	16	74	1027	9
4	101	164	13	66	979	9
17	96	205	4	85	1056	9
7	90	177	12	68	1030	9
4	99	171	12	70	988	9
3	112	170	15	70	1006	9
6	98	180	11	71	1016	9
5	98	186	16	72	1052	9
14	98	222	9	84	1072	9
5	94	193	15	74	1054	9
7	104	161	17	65	975	9
4	99	166	13	67	970	9
5	97	179	16	69	1048	9
9	90	176	14	67	1002	9
8	107	209	10	79	1033	9
6	103	191	17	74	1036	9
6	95	181	11	72	1018	9
6	97	177	12	69	990	9
2	108	169	23	68	962	9
7	103	169	15	67	967	9
15	92	166	14	63	959	9
6	106	172	20	69	1010	9
7	103	168	16	67	995	9
6	99	188	14	72	1047	9
5	100	168	17	67	991	9
6	110	194	17	74	1026	9
8	101	179	14	70	1051	9
6	104	167	18	66	961	9
7	104	163	17	66	993	9
5	103	169	14	68	968	9
14	99	204	4	114	1064	9
12	98	176	13	21	1076	9
7	95	189	17	72	1037	9
4	88	178	17	68	1046	9
6	100	174	17	68	978	9
4	100	164	14	66	980	9
8	107	176	18	69	1011	9
7	94	187	18	70	1029	9
6	94	187	19	71	1041	9
8	99	170	11	69	984	9
6	101	168	14	68	994	9
4	99	167	15	69	977	9
16	100	216	3	93	1060	9
7	106	175	14	69	1005	9
9	102	172	25	65	1012	9
13	96	185	5	128	1070	9
7	99	167	17	66	982	9
5	92	196	19	74	1045	9
7	104	170	17	67	966	9
4	98	181	15	69	1050	9
5	98	174	15	69	989	9
37	229	21	129	49	1106	10
48	215	9	133	317	1176	10
34	236	18	119	58	1144	10
52	204	4	136	249	1171	10
34	232	21	124	54	1151	10
50	197	4	129	46	1087	10
37	228	23	130	49	1102	10
40	228	29	128	44	1103	10
32	230	19	136	57	1091	10
48	205	4	128	154	1174	10
37	228	31	136	48	1083	10
48	212	8	125	19	1180	10
37	228	16	122	54	1145	10
38	232	15	130	49	1136	10
68	195	34	118	41	1088	10
30	229	18	116	54	1164	10
37	230	21	121	55	1114	10
40	225	22	123	51	1099	10
64	181	6	126	178	1175	10
40	229	14	124	51	1162	10
29	233	11	115	60	1093	10
36	230	16	128	50	1160	10
35	230	15	129	50	1134	10
64	188	8	138	177	1166	10
54	190	52	132	28	1089	10
35	228	12	132	51	1107	10
42	228	20	130	47	1150	10
45	218	10	118	23	1182	10
59	187	13	132	39	1086	10
33	234	20	124	52	1132	10
37	225	18	130	50	1141	10
34	230	25	126	48	1133	10
40	227	17	128	51	1100	10
33	229	22	136	47	1142	10
53	195	36	135	33	1085	10
38	231	18	134	49	1113	10
32	230	16	127	53	1131	10
49	232	16	127	53	1111	10
54	189	22	124	38	1090	10
78	164	10	130	137	1165	10
36	231	15	124	54	1130	10
43	218	16	120	19	1186	10
36	232	18	125	51	1139	10
31	232	21	126	51	1120	10
42	231	21	127	48	1157	10
36	227	26	131	45	1117	10
32	230	16	120	55	1097	10
41	230	12	123	54	1096	10
35	232	15	131	54	1140	10
33	224	34	132	47	1084	10
43	221	9	116	22	1185	10
37	226	16	136	48	1122	10
35	230	21	123	49	1147	10
39	229	10	128	54	1153	10
33	230	13	120	26	1184	10
31	230	14	131	51	1127	10
36	229	16	132	49	1105	10
48	210	8	127	17	1179	10
33	231	15	125	51	1119	10
44	234	16	128	53	1137	10
37	230	28	131	46	1108	10
33	229	20	129	48	1129	10
35	229	22	126	52	1135	10
38	229	22	132	51	1121	10
38	228	21	124	53	1101	10
38	232	16	134	50	1149	10
36	219	12	122	51	1092	10
38	229	17	131	51	1104	10
40	230	13	125	49	1112	10
32	229	16	124	51	1163	10
38	226	20	132	46	1148	10
62	186	5	138	41	1082	10
36	228	14	129	52	1098	10
40	229	19	127	52	1124	10
34	232	19	130	48	1095	10
34	232	22	131	52	1154	10
67	203	3	119	162	1172	10
49	208	10	130	171	1168	10
51	204	2	131	173	1173	10
32	232	14	130	53	1128	10
32	231	16	127	53	1118	10
33	228	10	127	52	1123	10
54	203	4	116	117	1177	10
40	227	16	136	51	1159	10
37	232	10	128	54	1126	10
39	225	10	134	220	1167	10
41	229	15	128	52	1143	10
49	213	1	104	447	1178	10
38	229	14	131	49	1158	10
35	229	12	123	54	1138	10
55	208	13	124	20	1181	10
35	228	20	131	51	1155	10
34	228	19	133	50	1109	10
41	226	11	130	51	1156	10
35	231	19	124	51	1110	10
38	228	25	132	51	1094	10
44	228	17	128	48	1146	10
78	161	7	130	190	1170	10
30	231	14	129	51	1152	10
45	220	8	134	150	1169	10
38	232	17	128	52	1116	10
34	228	17	128	50	1115	10
44	229	9	125	52	1161	10
37	227	16	126	49	1125	10
49	213	4	122	20	1183	10
16	116	303	101	100	1195	11
15	106	304	115	99	1205	11
8	109	306	95	105	1216	11
8	115	299	104	101	1231	11
14	106	300	99	101	1227	11
10	110	305	102	103	1208	11
16	108	297	107	99	1209	11
6	110	303	101	103	1221	11
13	108	300	115	98	1215	11
13	108	302	107	100	1210	11
12	115	295	114	28	1233	11
16	110	300	105	98	1194	11
19	105	302	110	97	1188	11
10	110	300	105	101	1214	11
10	109	301	108	100	1200	11
12	105	297	113	98	1211	11
8	116	299	104	102	1223	11
9	113	304	96	103	1224	11
8	112	296	111	100	1199	11
7	112	297	112	100	1198	11
7	116	307	110	27	1237	11
7	107	302	113	101	1204	11
11	111	299	98	101	1230	11
14	110	300	111	98	1192	11
14	112	311	107	29	1239	11
8	109	301	105	102	1226	11
7	107	300	110	101	1213	11
11	111	298	103	100	1218	11
6	113	304	104	33	1235	11
8	117	304	100	103	1232	11
8	117	296	108	31	1236	11
9	108	299	110	100	1189	11
11	106	303	98	102	1212	11
13	108	303	116	100	1193	11
9	107	300	103	102	1206	11
15	104	306	104	101	1220	11
17	114	295	114	95	1197	11
6	113	306	108	28	1234	11
7	107	298	109	100	1225	11
5	109	300	98	103	1228	11
16	110	299	111	99	1191	11
10	107	303	108	101	1202	11
17	113	302	107	99	1190	11
12	108	301	105	102	1222	11
13	112	304	110	101	1187	11
10	99	305	112	100	1207	11
12	109	301	111	101	1203	11
13	104	301	101	101	1217	11
9	112	303	97	103	1229	11
7	107	298	103	102	1219	11
4	109	311	111	26	1238	11
14	117	294	116	96	1196	11
3	103	299	117	101	1201	11
9	107	183	226	121	1273	12
4	111	192	221	42	1302	12
9	113	186	223	123	1277	12
9	113	185	224	124	1287	12
6	111	186	223	44	1304	12
6	116	187	225	125	1281	12
5	108	183	223	126	1241	12
13	111	183	228	124	1270	12
12	104	194	214	115	1272	12
11	116	186	223	122	1258	12
9	115	180	227	121	1262	12
9	102	184	233	140	1240	12
8	113	186	223	122	1253	12
6	120	181	228	40	1293	12
5	117	187	224	124	1255	12
18	107	186	224	120	1249	12
6	109	177	229	35	1299	12
8	116	191	220	39	1292	12
6	117	181	230	41	1294	12
8	112	183	225	123	1290	12
12	105	186	224	123	1271	12
14	108	184	224	118	1268	12
8	105	188	229	127	1259	12
11	117	184	228	34	1296	12
6	110	182	227	124	1274	12
7	115	186	228	33	1298	12
3	104	181	233	36	1303	12
6	110	187	221	122	1243	12
8	104	176	227	126	1242	12
4	115	177	229	125	1252	12
7	109	186	222	125	1245	12
13	107	181	222	122	1251	12
9	110	188	225	121	1288	12
12	107	189	220	121	1280	12
12	111	186	229	121	1286	12
16	103	181	226	123	1278	12
14	109	182	225	119	1269	12
10	104	183	222	122	1247	12
12	109	183	223	120	1250	12
17	116	184	225	119	1261	12
9	108	185	227	124	1244	12
12	113	186	219	118	1285	12
10	111	185	224	123	1257	12
6	118	180	228	35	1295	12
7	122	175	236	35	1297	12
14	104	226	204	191	1291	12
8	108	185	225	125	1289	12
14	113	182	227	122	1265	12
12	108	184	227	123	1248	12
14	100	185	224	120	1279	12
9	113	177	227	126	1263	12
7	113	184	225	123	1276	12
12	111	184	224	122	1266	12
9	112	183	224	119	1260	12
5	110	181	224	126	1246	12
9	108	187	226	123	1283	12
14	113	192	222	120	1256	12
9	110	183	224	122	1264	12
10	108	185	225	41	1301	12
9	117	187	222	121	1275	12
5	107	186	224	126	1284	12
4	112	177	233	36	1300	12
12	115	186	221	121	1282	12
14	107	185	221	121	1267	12
8	115	183	228	126	1254	12
284	8	19	114	102	1352	13
284	9	19	116	101	1406	13
281	25	78	126	81	1420	13
286	7	21	114	102	1353	13
287	8	11	105	37	1444	13
289	8	19	118	104	1316	13
284	8	20	118	104	1344	13
284	8	22	117	100	1388	13
284	12	16	122	104	1345	13
279	10	24	109	99	1378	13
291	6	16	111	105	1318	13
285	6	12	117	37	1423	13
270	24	84	110	72	1312	13
246	69	71	125	64	1310	13
243	59	22	122	83	1311	13
288	9	26	120	101	1412	13
287	10	14	117	104	1329	13
285	13	18	107	28	1432	13
281	10	20	112	101	1381	13
281	7	13	105	103	1305	13
277	28	0	133	319	1417	13
286	12	25	118	99	1361	13
250	47	38	119	78	1315	13
289	7	20	116	103	1326	13
284	9	26	117	100	1387	13
288	10	25	117	100	1351	13
287	4	22	116	103	1365	13
282	9	22	116	100	1374	13
285	7	28	113	99	1375	13
259	37	51	113	79	1308	13
287	8	3	109	31	1433	13
277	12	25	112	98	1343	13
285	9	12	111	33	1429	13
282	10	24	114	101	1348	13
289	10	17	105	103	1350	13
279	12	5	115	37	1442	13
284	12	12	115	32	1434	13
287	8	51	115	92	1399	13
287	5	3	117	35	1428	13
285	4	16	113	104	1317	13
296	2	23	109	104	1332	13
281	4	24	119	101	1394	13
287	8	22	114	102	1359	13
285	8	46	106	94	1319	13
281	6	23	116	101	1396	13
284	9	30	115	99	1385	13
280	9	15	118	102	1362	13
289	7	27	121	101	1358	13
258	48	7	125	310	1416	13
290	8	23	115	102	1324	13
266	27	31	116	88	1313	13
287	11	19	106	34	1431	13
285	7	27	124	101	1414	13
284	5	17	114	103	1354	13
289	9	3	116	31	1425	13
283	5	24	115	101	1333	13
281	7	20	114	102	1337	13
287	11	8	109	35	1445	13
281	6	24	116	100	1325	13
289	6	28	118	101	1367	13
283	7	17	123	104	1389	13
278	11	35	103	94	1342	13
284	5	21	113	102	1336	13
279	8	29	115	98	1384	13
288	9	20	114	103	1320	13
293	5	30	124	102	1330	13
288	7	25	110	102	1413	13
287	7	25	115	101	1357	13
288	9	30	115	101	1404	13
286	8	30	124	101	1363	13
289	9	18	89	101	1307	13
285	12	19	113	33	1427	13
283	11	18	115	102	1390	13
283	6	23	110	102	1400	13
281	8	22	123	102	1380	13
293	9	16	116	33	1439	13
282	9	38	115	95	1377	13
277	28	1	124	194	1418	13
288	13	10	107	33	1441	13
285	5	17	121	104	1395	13
269	25	32	116	89	1309	13
282	7	18	116	104	1372	13
286	5	20	118	104	1393	13
291	7	20	112	103	1371	13
292	8	22	115	102	1341	13
285	10	23	118	31	1424	13
284	7	20	115	102	1334	13
288	6	26	112	101	1370	13
284	5	34	104	98	1356	13
280	8	16	119	102	1346	13
287	2	26	129	104	1386	13
285	8	23	112	28	1440	13
285	8	29	115	98	1409	13
286	7	17	108	103	1321	13
286	10	10	115	29	1426	13
286	4	20	106	103	1322	13
284	7	19	111	29	1435	13
288	6	26	112	101	1405	13
280	11	24	121	99	1383	13
289	11	29	107	99	1392	13
285	6	21	111	102	1369	13
286	8	34	119	98	1338	13
284	7	25	121	102	1408	13
281	6	19	116	101	1373	13
286	10	35	109	96	1415	13
288	6	16	118	104	1331	13
288	6	28	121	101	1398	13
286	11	12	118	41	1421	13
288	9	34	115	97	1382	13
287	3	14	112	105	1368	13
281	8	44	114	93	1376	13
285	11	28	119	100	1407	13
283	7	0	115	33	1438	13
287	5	26	96	99	1340	13
287	2	25	115	104	1328	13
288	5	14	123	106	1391	13
281	8	25	120	100	1327	13
284	7	24	131	103	1347	13
284	8	22	118	102	1379	13
286	9	2	116	28	1437	13
285	9	16	113	36	1430	13
291	7	17	115	104	1403	13
305	5	8	119	111	1314	13
283	4	35	114	100	1335	13
281	9	29	112	98	1397	13
288	10	30	119	100	1402	13
283	9	21	115	101	1355	13
285	3	22	121	103	1366	13
291	8	27	112	99	1339	13
282	6	5	109	37	1443	13
286	10	2	121	26	1436	13
285	13	3	123	342	1419	13
282	7	22	113	101	1401	13
288	8	13	125	28	1422	13
286	9	33	106	98	1349	13
291	9	18	119	104	1360	13
286	10	9	118	106	1323	13
292	5	25	96	101	1306	13
281	8	24	117	100	1364	13
290	8	19	115	106	1410	13
283	12	22	118	100	1411	13
14	114	124	223	82	1463	14
12	114	117	237	203	1476	14
16	116	139	231	201	1470	14
19	114	114	237	231	1477	14
11	108	128	224	83	1465	14
6	107	93	234	98	1450	14
16	104	129	235	196	1474	14
10	131	124	230	87	1447	14
4	136	109	237	96	1453	14
13	110	118	238	198	1479	14
4	107	117	229	90	1455	14
5	123	117	223	86	1454	14
26	104	124	226	89	1448	14
10	110	119	219	84	1462	14
18	110	114	234	162	1478	14
12	121	121	229	90	1456	14
15	113	120	209	76	1466	14
12	115	122	231	96	1449	14
13	104	112	236	219	1472	14
8	109	134	210	83	1464	14
11	107	118	225	85	1458	14
12	109	123	224	83	1459	14
6	109	123	225	88	1457	14
8	104	123	215	81	1461	14
124	119	124	234	147	1475	14
13	109	117	211	80	1467	14
19	107	126	230	225	1473	14
10	130	121	226	87	1446	14
68	119	122	233	77	1451	14
9	112	128	217	80	1469	14
10	107	116	220	84	1460	14
14	104	120	237	207	1480	14
3	131	124	230	94	1452	14
10	112	133	223	84	1468	14
10	105	120	237	191	1471	14
6	188	105	14	68	1486	15
4	186	94	33	67	1483	15
16	179	108	12	369	1499	15
10	192	102	18	67	1487	15
5	202	106	24	70	1493	15
13	171	113	11	274	1496	15
4	206	105	18	72	1489	15
14	163	111	9	207	1497	15
3	212	105	15	75	1491	15
6	203	101	20	70	1490	15
24	167	114	10	237	1498	15
13	191	119	5	86	1484	15
5	202	106	18	71	1492	15
5	200	101	28	68	1481	15
18	163	109	13	60	1485	15
3	179	107	11	70	1482	15
4	217	101	18	75	1488	15
14	211	114	17	74	1495	15
9	212	120	16	76	1494	15
